100 2.47955322265625e-05
200 4.100799560546875e-05
300 6.318092346191406e-05
400 8.797645568847656e-05
500 0.00010514259338378906
600 0.00012826919555664062
700 0.00015544891357421875
800 0.00017404556274414062
900 0.00021076202392578125
1000 0.0002205371856689453
1100 0.00024390220642089844
1200 0.00026702880859375
1300 0.0002913475036621094
1400 0.00031685829162597656
1500 0.00033473968505859375
1600 0.0003566741943359375
1700 0.0006263256072998047
1800 0.0004341602325439453
1900 0.00044536590576171875
2000 0.0006797313690185547
2100 0.0005776882171630859
2200 0.0005021095275878906
2300 0.0005748271942138672
2400 0.0005629062652587891
2500 0.0005931854248046875
2600 0.0006296634674072266
2700 0.0006248950958251953
2800 0.0006701946258544922
2900 0.00077056884765625
3000 0.0008189678192138672
3100 0.0007932186126708984
3200 0.0007581710815429688
3300 0.0008990764617919922
3400 0.0008039474487304688
3500 0.0008444786071777344
3600 0.0008289813995361328
3700 0.0008902549743652344
3800 0.0008840560913085938
3900 0.0009069442749023438
4000 0.0009739398956298828
4100 0.0009527206420898438
4200 0.0009603500366210938
4300 0.0010159015655517578
4400 0.0017571449279785156
4500 0.0010759830474853516
4600 0.0012099742889404297
4700 0.0011143684387207031
4800 0.0011444091796875
4900 0.001201629638671875
5000 0.0011668205261230469
5100 0.0011856555938720703
5200 0.0014257431030273438
5300 0.0012836456298828125
5400 0.0013034343719482422
5500 0.0012736320495605469
5600 0.00131988525390625
5700 0.001352071762084961
5800 0.0013611316680908203
5900 0.0017087459564208984
6000 0.0016169548034667969
6100 0.0015423297882080078
6200 0.0014464855194091797
6300 0.0014376640319824219
6400 0.0014941692352294922
6500 0.0015006065368652344
6600 0.0021164417266845703
6700 0.0017805099487304688
6800 0.0019230842590332031
6900 0.0020694732666015625
7000 0.0018029212951660156
7100 0.0018389225006103516
7200 0.001667022705078125
7300 0.0017838478088378906
7400 0.001734018325805664
7500 0.0018532276153564453
7600 0.0017750263214111328
7700 0.0020885467529296875
7800 0.0018229484558105469
7900 0.0018763542175292969
8000 0.0018734931945800781
8100 0.002063751220703125
8200 0.0019741058349609375
8300 0.0024085044860839844
8400 0.0022287368774414062
8500 0.0021228790283203125
8600 0.0022516250610351562
8700 0.0020661354064941406
8800 0.0020568370819091797
8900 0.0020830631256103516
9000 0.002791881561279297
9100 0.002137422561645508
9200 0.0021619796752929688
9300 0.002123594284057617
9400 0.002856731414794922
9500 0.0024404525756835938
9600 0.0023517608642578125
9700 0.0027184486389160156
9800 0.002441883087158203
9900 0.0025267601013183594
