100 0.0034699440002441406
200 0.009561300277709961
300 0.02290630340576172
400 0.018104076385498047
500 0.02529311180114746
600 0.03439497947692871
700 0.047850847244262695
800 0.06741976737976074
900 0.08197259902954102
1000 0.09978795051574707
1100 0.12347626686096191
1200 0.14394521713256836
1300 0.17174220085144043
1400 0.20212483406066895
1500 0.26619529724121094
1600 0.33327817916870117
1700 0.32000732421875
1800 0.32479333877563477
1900 0.39322996139526367
2000 0.4986894130706787
2100 0.5422937870025635
2200 0.5017342567443848
2300 0.5529708862304688
2400 0.6580488681793213
2500 0.6556401252746582
2600 0.7030947208404541
2700 0.9386560916900635
2800 0.8309335708618164
2900 0.9405436515808105
3000 1.0015373229980469
3100 1.0544490814208984
3200 1.0946760177612305
3300 1.2016925811767578
3400 1.238234281539917
3500 1.3395094871520996
3600 1.4380130767822266
3700 1.407461166381836
3800 1.4949395656585693
3900 1.6965281963348389
4000 1.6656115055084229
4100 1.807565450668335
4200 1.9644825458526611
4300 2.00705885887146
4400 2.043436050415039
4500 2.1666338443756104
4600 2.31967830657959
4700 2.373776435852051
4800 2.5341546535491943
4900 2.594754934310913
5000 2.7250397205352783
5100 3.5575244426727295
5200 2.9717020988464355
5300 3.230442523956299
5400 3.129392623901367
5500 3.5219807624816895
5600 3.349252700805664
5700 3.4106953144073486
5800 3.6280598640441895
5900 3.6256463527679443
6000 3.758998394012451
6100 3.8642115592956543
6200 3.978797435760498
6300 4.368818998336792
6400 4.462442398071289
6500 4.48034143447876
6600 4.5651257038116455
6700 4.724266290664673
6800 4.811021566390991
6900 5.111578464508057
7000 5.2104668617248535
7100 5.321934461593628
7200 5.472597122192383
7300 5.6293861865997314
7400 5.863199710845947
7500 5.896287679672241
7600 6.112714052200317
7700 6.187606573104858
7800 6.404791831970215
7900 7.089028835296631
8000 6.939405918121338
8100 6.897993564605713
8200 7.379671335220337
8300 8.0811288356781
8400 7.530754566192627
8500 7.499194145202637
8600 7.7678139209747314
8700 8.320307731628418
8800 8.247320890426636
8900 8.31409478187561
9000 9.316819190979004
9100 10.343363285064697
9200 11.462973594665527
9300 9.708244562149048
9400 9.636590480804443
9500 10.312289714813232
9600 10.859309673309326
9700 11.894916534423828
9800 13.210661172866821
9900 13.8706693649292
