100 0.000888824462890625
200 0.002423524856567383
300 0.006774425506591797
400 0.008669614791870117
500 0.014322757720947266
600 0.018309831619262695
700 0.02879190444946289
800 0.034934043884277344
900 0.04454183578491211
1000 0.04871678352355957
1100 0.06081724166870117
1200 0.07782745361328125
1300 0.0861368179321289
1400 0.09859442710876465
1500 0.11394143104553223
1600 0.12895727157592773
1700 0.17101573944091797
1800 0.18022990226745605
1900 0.1804513931274414
2000 0.1915140151977539
2100 0.21429920196533203
2200 0.23424625396728516
2300 0.2589406967163086
2400 0.2822873592376709
2500 0.2942502498626709
2600 0.3861532211303711
2700 0.3615438938140869
2800 0.3772292137145996
2900 0.4058651924133301
3000 0.4367210865020752
3100 0.51119065284729
3200 0.49762535095214844
3300 0.5338256359100342
3400 0.5494582653045654
3500 0.6494512557983398
3600 0.6367590427398682
3700 0.6664538383483887
3800 0.7623248100280762
3900 0.7492649555206299
4000 0.7966313362121582
4100 0.8134245872497559
4200 0.8475959300994873
4300 0.9102113246917725
4400 0.9231712818145752
4500 1.0214838981628418
4600 1.0648479461669922
4700 1.0939040184020996
4800 1.2432255744934082
4900 1.1902430057525635
5000 1.2178359031677246
5100 1.312976360321045
5200 1.3416569232940674
5300 1.3565468788146973
5400 1.4271142482757568
5500 1.5657711029052734
5600 1.5895967483520508
5700 1.6252970695495605
5800 1.6495935916900635
5900 1.650721788406372
6000 1.7524964809417725
6100 1.771285057067871
6200 1.8468708992004395
6300 1.9945228099822998
6400 2.163055181503296
6500 2.0322277545928955
6600 2.126081943511963
6700 2.205037832260132
6800 2.285383939743042
6900 2.371861696243286
7000 2.58825945854187
7100 2.4975900650024414
7200 2.559741258621216
7300 2.6893274784088135
7400 2.8476593494415283
7500 2.836710214614868
7600 2.84259033203125
7700 2.9577860832214355
7800 2.994229793548584
7900 3.125898599624634
8000 3.3525125980377197
8100 3.2203564643859863
8200 3.377197742462158
8300 3.4635543823242188
8400 3.5886948108673096
8500 3.5741913318634033
8600 3.691859245300293
8700 3.707754611968994
8800 3.953336238861084
8900 4.035088300704956
9000 4.0609962940216064
9100 4.187326908111572
9200 4.169415235519409
9300 4.264954090118408
9400 4.340184688568115
9500 4.462899446487427
9600 4.476184844970703
9700 4.631603956222534
9800 4.889087200164795
9900 5.0058228969573975
