100 0.00028133392333984375
200 0.0006263256072998047
300 0.0009665489196777344
400 0.0012660026550292969
500 0.0017201900482177734
600 0.002221345901489258
700 0.002377748489379883
800 0.0024607181549072266
900 0.002812623977661133
1000 0.0031900405883789062
1100 0.0035119056701660156
1200 0.0038886070251464844
1300 0.00424957275390625
1400 0.0046155452728271484
1500 0.00574946403503418
1600 0.005419015884399414
1700 0.0058400630950927734
1800 0.0061664581298828125
1900 0.0064258575439453125
2000 0.007579803466796875
2100 0.0074443817138671875
2200 0.007641315460205078
2300 0.007891654968261719
2400 0.009808540344238281
2500 0.009236335754394531
2600 0.009353399276733398
2700 0.010621786117553711
2800 0.009959697723388672
2900 0.010378837585449219
3000 0.012123823165893555
3100 0.01110529899597168
3200 0.01151728630065918
3300 0.013098716735839844
3400 0.012631654739379883
3500 0.013639211654663086
3600 0.013465404510498047
3700 0.013964653015136719
3800 0.014035940170288086
3900 0.014336585998535156
4000 0.015164613723754883
4100 0.015045881271362305
4200 0.016154766082763672
4300 0.01581716537475586
4400 0.01720881462097168
4500 0.017467498779296875
4600 0.01717400550842285
4700 0.018279552459716797
4800 0.01785445213317871
4900 0.019094228744506836
5000 0.0195157527923584
5100 0.019907474517822266
5200 0.02024388313293457
5300 0.02059149742126465
5400 0.020743370056152344
5500 0.022496700286865234
5600 0.022390127182006836
5700 0.021932363510131836
5800 0.02281475067138672
5900 0.023201942443847656
6000 0.023700475692749023
6100 0.02365851402282715
6200 0.024580001831054688
6300 0.02522134780883789
6400 0.02555227279663086
6500 0.025480270385742188
6600 0.026334762573242188
6700 0.026525020599365234
6800 0.02709507942199707
6900 0.027426481246948242
7000 0.02788519859313965
7100 0.02861762046813965
7200 0.029135465621948242
7300 0.02906632423400879
7400 0.030359268188476562
7500 0.03146862983703613
7600 0.0335087776184082
7700 0.03177666664123535
7800 0.031806230545043945
7900 0.03137660026550293
8000 0.032880544662475586
8100 0.03246569633483887
8200 0.0332491397857666
8300 0.03396463394165039
8400 0.03524494171142578
8500 0.035694122314453125
8600 0.03597617149353027
8700 0.03550219535827637
8800 0.036197662353515625
8900 0.03623700141906738
9000 0.03754830360412598
9100 0.037119388580322266
9200 0.037497520446777344
9300 0.037827491760253906
9400 0.03917121887207031
9500 0.0387880802154541
9600 0.0391087532043457
9700 0.03996109962463379
9800 0.040023088455200195
9900 0.04024004936218262
