100 0.0005571842193603516
200 0.0020160675048828125
300 0.004766702651977539
400 0.0067501068115234375
500 0.011427640914916992
600 0.017237424850463867
700 0.026012420654296875
800 0.027866601943969727
900 0.036687374114990234
1000 0.044599294662475586
1100 0.05320572853088379
1200 0.06123018264770508
1300 0.07639217376708984
1400 0.09368586540222168
1500 0.10564613342285156
1600 0.12439537048339844
1700 0.12566494941711426
1800 0.13681626319885254
1900 0.15257954597473145
2000 0.1724693775177002
2100 0.18594956398010254
2200 0.20174479484558105
2300 0.22120141983032227
2400 0.24884843826293945
2500 0.2627899646759033
2600 0.28116345405578613
2700 0.30715513229370117
2800 0.326338529586792
2900 0.3612844944000244
3000 0.39293408393859863
3100 0.41227197647094727
3200 0.43201303482055664
3300 0.4610469341278076
3400 0.4851679801940918
3500 0.5220060348510742
3600 0.5381512641906738
3700 0.5694172382354736
3800 0.6072170734405518
3900 0.6420104503631592
4000 0.6733500957489014
4100 0.7051877975463867
4200 0.769761323928833
4300 0.7912697792053223
4400 0.8584866523742676
4500 0.9361393451690674
4600 1.0684452056884766
4700 0.9810543060302734
4800 0.993316650390625
4900 1.037942886352539
5000 1.1018095016479492
5100 1.1617999076843262
5200 1.223198652267456
5300 1.2127466201782227
5400 1.2990481853485107
5500 1.4294781684875488
5600 1.4898426532745361
5700 1.4412226676940918
5800 1.4822518825531006
5900 1.552140235900879
6000 1.596862554550171
6100 1.6754138469696045
6200 1.6605579853057861
6300 1.7189123630523682
6400 1.7369904518127441
6500 1.8952932357788086
6600 1.8792250156402588
6700 1.8800084590911865
6800 2.020113706588745
6900 2.070142984390259
7000 2.2492337226867676
7100 2.1297757625579834
7200 2.2201786041259766
7300 2.358182668685913
7400 2.6145176887512207
7500 2.4258029460906982
7600 2.5440492630004883
7700 2.578265428543091
7800 2.6509454250335693
7900 2.6912217140197754
8000 2.7768211364746094
8100 2.909391164779663
8200 2.815108060836792
8300 2.9436235427856445
8400 2.9597082138061523
8500 3.123352289199829
8600 3.094064474105835
8700 3.2321479320526123
8800 3.5705955028533936
8900 3.473982810974121
9000 3.377692222595215
9100 3.466921091079712
9200 3.559952735900879
9300 3.775501251220703
9400 3.6713476181030273
9500 3.8124027252197266
9600 3.9486892223358154
9700 3.9886834621429443
9800 4.01198673248291
9900 4.096649885177612
