100 0.00019979476928710938
200 0.0003952980041503906
300 0.0006363391876220703
400 0.0008413791656494141
500 0.0010814666748046875
600 0.0013325214385986328
700 0.0021071434020996094
800 0.0020608901977539062
900 0.0023114681243896484
1000 0.002378225326538086
1100 0.002654552459716797
1200 0.002995729446411133
1300 0.003325939178466797
1400 0.0034792423248291016
1500 0.0037353038787841797
1600 0.004212141036987305
1700 0.0051326751708984375
1800 0.004713535308837891
1900 0.0048236846923828125
2000 0.005245208740234375
2100 0.005427837371826172
2200 0.006712675094604492
2300 0.006573677062988281
2400 0.006454944610595703
2500 0.006855010986328125
2600 0.006964921951293945
2700 0.008301734924316406
2800 0.007486820220947266
2900 0.008006095886230469
3000 0.008157014846801758
3100 0.009132146835327148
3200 0.008888721466064453
3300 0.008566856384277344
3400 0.010076761245727539
3500 0.009768009185791016
3600 0.009791851043701172
3700 0.010857820510864258
3800 0.010197162628173828
3900 0.010628700256347656
4000 0.011511564254760742
4100 0.01126408576965332
4200 0.011766195297241211
4300 0.012792587280273438
4400 0.012172460556030273
4500 0.012915372848510742
4600 0.012532949447631836
4700 0.013251066207885742
4800 0.01400446891784668
4900 0.01368856430053711
5000 0.015318870544433594
5100 0.014630556106567383
5200 0.016143083572387695
5300 0.015035152435302734
5400 0.017330646514892578
5500 0.015333414077758789
5600 0.01737236976623535
5700 0.017266035079956055
5800 0.0174560546875
5900 0.018225908279418945
6000 0.017249584197998047
6100 0.018560171127319336
6200 0.018313169479370117
6300 0.018714427947998047
6400 0.01850152015686035
6500 0.019202232360839844
6600 0.019750595092773438
6700 0.019777536392211914
6800 0.019744873046875
6900 0.020711898803710938
7000 0.02059030532836914
7100 0.02117180824279785
7200 0.021697282791137695
7300 0.022101402282714844
7400 0.02115035057067871
7500 0.022755146026611328
7600 0.02344036102294922
7700 0.02289724349975586
7800 0.02306389808654785
7900 0.024402141571044922
8000 0.023952960968017578
8100 0.02452397346496582
8200 0.026005268096923828
8300 0.02529120445251465
8400 0.026733875274658203
8500 0.02539849281311035
8600 0.024873018264770508
8700 0.027405261993408203
8800 0.027601003646850586
8900 0.03313922882080078
9000 0.030038833618164062
9100 0.03341484069824219
9200 0.029967546463012695
9300 0.028807878494262695
9400 0.029573440551757812
9500 0.02877020835876465
9600 0.029225826263427734
9700 0.031072616577148438
9800 0.030124425888061523
9900 0.031163692474365234
