100 0.0003762245178222656
200 0.0007491111755371094
300 0.0011441707611083984
400 0.0013170242309570312
500 0.0015647411346435547
600 0.002034425735473633
700 0.002303600311279297
800 0.0032172203063964844
900 0.002863645553588867
1000 0.003231525421142578
1100 0.004001617431640625
1200 0.004010438919067383
1300 0.004683971405029297
1400 0.0044939517974853516
1500 0.005986928939819336
1600 0.006028890609741211
1700 0.006051301956176758
1800 0.006129026412963867
1900 0.006558895111083984
2000 0.00738215446472168
2100 0.007252693176269531
2200 0.0075643062591552734
2300 0.007905006408691406
2400 0.008766889572143555
2500 0.009003162384033203
2600 0.00919032096862793
2700 0.010154485702514648
2800 0.010393142700195312
2900 0.010437488555908203
3000 0.01061868667602539
3100 0.011453390121459961
3200 0.011582374572753906
3300 0.012461423873901367
3400 0.012272357940673828
3500 0.01217961311340332
3600 0.015073537826538086
3700 0.0149383544921875
3800 0.013937950134277344
3900 0.015903949737548828
4000 0.018773794174194336
4100 0.017805099487304688
4200 0.018672466278076172
4300 0.018573760986328125
4400 0.01749253273010254
4500 0.020536422729492188
4600 0.021172523498535156
4700 0.01922464370727539
4800 0.02195286750793457
4900 0.021549463272094727
5000 0.020585298538208008
5100 0.019440650939941406
5200 0.019846677780151367
5300 0.020506858825683594
5400 0.02179574966430664
5500 0.02102208137512207
5600 0.02110743522644043
5700 0.022521018981933594
5800 0.023488283157348633
5900 0.028098583221435547
6000 0.02310919761657715
6100 0.0274507999420166
6200 0.032558441162109375
6300 0.024147748947143555
6400 0.02553868293762207
6500 0.025178194046020508
6600 0.026573657989501953
6700 0.02594137191772461
6800 0.02627086639404297
6900 0.02728748321533203
7000 0.027597904205322266
7100 0.0281827449798584
7200 0.029906749725341797
7300 0.028693199157714844
7400 0.030507802963256836
7500 0.030050039291381836
7600 0.030800580978393555
7700 0.03144550323486328
7800 0.03128194808959961
7900 0.030677080154418945
8000 0.031204700469970703
8100 0.03197455406188965
8200 0.031332969665527344
8300 0.031821489334106445
8400 0.03337430953979492
8500 0.032767534255981445
8600 0.0332028865814209
8700 0.03298234939575195
8800 0.03425788879394531
8900 0.03313016891479492
9000 0.03387904167175293
9100 0.0344088077545166
9200 0.03520917892456055
9300 0.03654289245605469
9400 0.03577589988708496
9500 0.03589630126953125
9600 0.03702235221862793
9700 0.03820037841796875
9800 0.036051034927368164
9900 0.0401613712310791
